 PDE 2016  9 10  0 25 16.40  11.6900  -86.8400  36.4 0.0 5.0 None
event name:     C201609100025A
time shift:      2.0000
half duration:   0.7000
latitude:       11.4000
longitude:     -87.1900
depth:          36.8000
Mrr:       3.110000e+23
Mtt:      -2.410000e+23
Mpp:      -7.060000e+22
Mrt:       1.160000e+23
Mrp:      -6.920000e+22
Mtp:       1.620000e+23
