 PDE 2019 10  2 17 26 51.20 -23.4100  -67.5600 125.9 0.0 4.8 None
event name:     C201910021726A
time shift:     90.0000
half duration:  20.0000
latitude:      -23.4800
longitude:     -67.6900
depth:         152.6000
Mrr:      -1.290000e+23
Mtt:      -1.360000e+23
Mpp:       2.650000e+23
Mrt:       1.580000e+23
Mrp:      -3.870000e+22
Mtp:       2.730000e+22