 PDE 2023  2  8 11 11 52.70  37.9500   37.6500   7.5 0.0 5.4 TURKEY
event name:     202302081111A
time shift:      1.2300
half duration:   1.3000
latitude:       37.9400
longitude:      37.6500
depth:          22.2900
Mrr:      -1.460000e+23
Mtt:       1.650000e+24
Mpp:      -1.500000e+24
Mrt:      -5.930000e+23
Mrp:       9.040000e+22
Mtp:       1.200000e+24